0 0 0 1080
40 0 40 1080
1080 0 1080 360
1080 680 1080 1080
80 200 1040 200
80 160 1040 160
80 120 1040 120
80 80 1040 80
80 40 1080 40
80 0 1040 0
80 920 1040 920
80 960 1040 960
80 1000 1040 1000
80 1040 1040 1040
80 1080 1040 1080
600 240 880 240
880 280 880 720
840 280 840 720
800 280 800 720
760 280 760 720
680 280 680 400
720 280 720 400
680 600 680 720
720 600 720 720
240 480 240 880
280 480 280 880
320 480 320 880
360 480 360 560
400 480 400 560
360 760 360 880
400 760 400 880

s
120 720

n
c 80 240 560 240
r 720 440 720 560
r 1080 400 1080 640
l 360 600 360 720

e
r 1040 240

r
120 360