40 760 120 760
40 160 40 760
120 760 120 1000
160 840 160 1000
200 1000 1080 1000
1080 0 1080 960
0 0 1040 0
0 40 1040 40
1000 0 1000 560
800 80 1040 80
800 120 1040 120
960 160 1040 160
1040 120 1040 560
40 200 120 200
40 160 120 160
120 40 120 120
120 120 240 120
120 80 240 80
160 840 160 960
480 80 560 80
480 120 560 120
920 200 960 200
920 760 1040 760
920 800 920 960
880 840 880 960
360 840 360 960
400 840 400 960
440 840 440 960
600 840 600 960
640 840 640 960
680 840 680 960
280 360 280 560
280 360 440 360
440 360 440 560
360 960 440 560
600 360 760 360
600 360 600 560
760 360 760 560
600 560 760 560
280 560 440 560
920 160 1080 160
0 80 0 1080
40 1080 1080 1080
40 800 40 1040
80 800 80 1040
120 1040 1080 1040
40 80 40 120
80 80 80 120
960 800 960 960
1000 800 1000 960
1040 800 1040 960

s
80 720
e
g 1040 720

B
h 80 480 240 480
B
h 800 480 960 480
B
v 440 600 440 800
B
v 600 600 600 800

n
c 280 80 440 80
c 600 80 760 80
c 160 160 240 160
c 800 160 880 160
g 200 960 320 960
g 480 960 560 960
g 720 960 840 960