160 960 920 960
160 160 160 360
160 160 320 160
240 200 240 360
320 200 320 360
400 160 520 160
520 200 520 360
400 280 480 280
400 280 400 360
400 360 500 360
400 200 400 200
600 160 600 360
600 240 640 280
680 200 680 200
720 160 720 160
680 280 680 280
720 320 720 320
760 360 760 360
880 160 880 360
880 360 1000 360
880 160 1000 160
880 240 1000 240
1000 160 1000 240
160 480 160 640
160 640 280 640
280 480 280 640
360 480 360 640
400 520 400 520
440 480 440 480
560 480 560 640
560 480 680 640
760 480 760 640
760 640 920 640
920 480 920 640
840 520 840 640
1000 480 1000 640
1000 480 1080 480
1080 480 1080 640
0 0 1080 0
680 480 680 640
560 640 680 640


s
480 720

n
l 960 960 960 960
r 120 960 120 960

e
g 840 480

f
l 960 90

G
v 40 200 40 640

I
h 160 120 320 120

B
h 320 440 800 440


r
320 720
760 720