0 0 1080 0
0 40 1080 40
0 80 1040 80
0 120 1080 120
0 160 1080 160
880 200 1080 200
0 200 640 200
0 240 640 240
0 280 640 280
0 320 640 320
0 360 640 360
0 400 320 400
560 400 560 480
600 400 600 480
640 400 640 480
0 440 0 880
1080 240 1080 1080
0 1080 1040 1080
0 1040 1040 1040
0 1000 1040 1000
0 960 1040 960
0 920 1040 920
240 640 240 880
280 640 280 880
320 640 320 880
360 640 360 880
400 640 400 880
880 440 880 760
920 440 920 760
960 440 960 760
1000 440 1000 760
1040 440 1040 760
440 800 1040 800
440 840 1040 840
440 880 1040 880

s
80 840

n
c 360 400 520 400
c 680 200 840 200

e
g 1000 400

B
h 40 720 200 720
h 680 480 840 480
v 320 440 320 600 