0 80 1080 80
0 40 1080 40
0 0 1080 0
0 1000 1080 1000
0 1040 1080 1040
0 1080 1080 1080
0 120 0 960
40 120 40 960
1080 120 1080 960
1040 120 1040 960
480 520 480 960
520 520 520 960
560 520 560 960
600 520 600 960
80 120 80 760
120 120 120 760
160 120 160 160
200 120 200 160
160 440 160 760
200 440 200 760
1000 120 1000 760
960 120 960 760
880 120 880 160
920 120 920 160
920 440 920 760
880 440 880 760

s
120 840

n
c 240 120 840 120
l 160 200 160 400
r 920 200 920 400

e
g 920 960

r
360 360
760 240