0 0 1080 0
0 40 1080 40
0 1080 1080 1080
0 1040 1080 1040 
0 80 0 1000
1080 80 1080 1000
40 80 40 1000
80 80 80 1000
120 80 120 1000
160 80 160 1000
200 80 200 1000
240 80 240 1000
840 80 840 1000
880 80 880 1000
920 80 920 1000
960 80 960 1000
1000 80 1000 1000
400 200 800 200
400 360 680 360 
400 240 840 240 
400 280 840 280 
400 320 840 320 
400 400 680 400
280 1000 680 1000
400 600 680 600
400 640 680 640 
280 680 680 680 
280 720 680 720 
280 760 680 760 
1040 40 1040 1040


s
 400 840




n
c 720 360 800 360 
g 280 640 360 640 
g 720 1000 800 1000


e
g 800 160