0 0 1080 0
0 40 1080 40
0 80 1080 80
0 120 1080 120
0 160 1080 160
0 200 1080 100
0 240 1080 240
0 40 1080 40
0 840 1080 840
0 880 1080 880
0 920 1080 920
0 960 1080 960
0 1000 1080 1000
0 1040 1080 1040
0 10800 1080 1080
0 280 0 800
40 280 40 800
80 280 80 800
1000 280 1000 800
1040 280 1040 800
1080 280 1080 800
120 280 120 560
160 280 160 560
200 280 200 560
240 280 240 560
280 280 280 560
320 280 320 560
360 280 360 560
720 520 720 800
760 520 760 800 
800 520 800 800
840 520 840 800
880 520 880 800
920 520 920 800
960 520 960 800

s
200 800
e
c 880 280