0 0 1080 0
0 40 1080 40
0 80 1080 80
0 920 1080 920
0 960 1080 960
0 1000 1080 1000
0 1040 1080 1040
0 1080 1080 1080
0 120 0 880
1080 120 1080 880
520 360 520 560
560 360 560 560
240 600 840 600
240 640 840 640
240 680 840 680
240 720 840 720
240 760 840 760
240 800 840 800
240 840 840 840
240 880 840 880
40 120 40 280
80 120 80 280
120 120 120 400
160 120 160 400
200 120 200 400
240 120 240 400
280 320 280 400
320 320 320 400
1040 120 1040 280
1000 120 1000 280
960 120 960 400
920 120 920 400
880 120 880 400
840 120 840 400
800 320 800 400
760 320 760 400

s
120 760

n
l 280 120 280 280
r 800 120 800 280

e
g 960 880

B
v 520 120 520 320
v 560 120 560 320

I
h 240 560 480 560
h 600 560 840 560

G
h 800 480 1000 480
h 80 480 280 480