0 0 1080 0
0 40 1080 40
0 80 1080 80
0 120 1080 120
480 160 1080 160
480 200 800 200
480 240 800 240
560 280 800 280
560 320 960 320
480 360 960 360
480 400 960 400
480 400 960 440
0 160 0 180
1080 200 1080 1080
40 280 280 280
40 320 280 320
40 360 280 360
40 400 200 400
40 440 200 440
40 480 280 480
200 680 200 760
240 680 240 760
280 680 280 760
600 560 600 560
840 560 840 560
480 680 1040 680
480 720 1040 720
480 760 1040 760
480 800 1040 800
480 840 1040 840
480 880 1040 880
40 920 1040 920
40 960 1040 960
40 1000 1040 1000
40 1040 1040 1040
40 1080 1040 1080


0 120 0 1080
480 440 960 440

s
80 160

n
c 480 480 480 480
c 200 800 280 800
g 200 640 280 640
g 480 640 480 640
l 320 680 320 760
r 160 680 160 760

e
l 840 240

r
80 560

f
r 240 415
l 480 295

B
v 720 480 720 640
v 960 480 960 640